--- 
  version: 
    config: 1714371426
    puppet: "3.8.5"
  resources: 
    changed: 0
    failed: 0
    failed_to_restart: 0
    out_of_sync: 0
    restarted: 0
    scheduled: 0
    skipped: 0
    total: 130
  time: 
    config_retrieval: 0.7864604590000113
    cron: 0.00035488399999999997
    exec: 0.7459361170000001
    file: 0.587350284
    filebucket: 6.4187e-05
    package: 1.3252468120000003
    schedule: 0.000460397
    ssh_authorized_key: 0.000357141
    total: 3.4487615150000117
    user: 0.0025312340000000003
    last_run: 1714371719
  changes: 
    total: 0
  events: 
    failure: 0
    success: 0
    total: 0